110 0.02685431950677035 0.026854319506770346
283 0.02685431950677035 0.026854319506770346
576 0.02685431950677035 0.026854319506770342
583 0.02685431950677035 0.026854319506770346
1316 0.02685431950677035 0.026854319506770342
1199 0.026854319506770346 0.026854319506770346
6 0.02685412537037826 0.026854125370378255
7 0.02685412537037826 0.026854125370378255
9 0.02685412537037826 0.026854125370378255
14 0.02685412537037826 0.026854125370378255
15 0.02685412537037826 0.026854125370378255
18 0.02685412537037826 0.026854125370378255
24 0.02685412537037826 0.026854125370378255
25 0.02685412537037826 0.026854125370378255
28 0.02685412537037826 0.026854125370378255
29 0.02685412537037826 0.026854125370378255
30 0.02685412537037826 0.026854125370378255
33 0.02685412537037826 0.026854125370378255
34 0.02685412537037826 0.026854125370378255
35 0.02685412537037826 0.026854125370378255
36 0.02685412537037826 0.026854125370378255
38 0.02685412537037826 0.026854125370378255
39 0.02685412537037826 0.026854125370378255
42 0.02685412537037826 0.026854125370378255
43 0.02685412537037826 0.026854125370378255
44 0.02685412537037826 0.026854125370378255
47 0.02685412537037826 0.026854125370378255
48 0.02685412537037826 0.026854125370378255
49 0.02685412537037826 0.026854125370378255
50 0.02685412537037826 0.026854125370378255
52 0.02685412537037826 0.026854125370378255
53 0.02685412537037826 0.026854125370378255
56 0.02685412537037826 0.026854125370378255
58 0.02685412537037826 0.026854125370378255
60 0.02685412537037826 0.026854125370378255
63 0.02685412537037826 0.026854125370378255
73 0.02685412537037826 0.026854125370378255
75 0.02685412537037826 0.026854125370378255
76 0.02685412537037826 0.026854125370378255
77 0.02685412537037826 0.026854125370378255
78 0.02685412537037826 0.026854125370378255
79 0.02685412537037826 0.026854125370378255
84 0.02685412537037826 0.026854125370378255
85 0.02685412537037826 0.026854125370378255
89 0.02685412537037826 0.026854125370378255
92 0.02685412537037826 0.026854125370378255
94 0.02685412537037826 0.026854125370378255
96 0.02685412537037826 0.026854125370378255
97 0.02685412537037826 0.026854125370378255
101 0.02685412537037826 0.026854125370378255
103 0.02685412537037826 0.026854125370378255
112 0.02685412537037826 0.026854125370378255
115 0.02685412537037826 0.026854125370378255
120 0.02685412537037826 0.026854125370378255
123 0.02685412537037826 0.026854125370378255
124 0.02685412537037826 0.026854125370378255
125 0.02685412537037826 0.026854125370378255
128 0.02685412537037826 0.026854125370378255
129 0.02685412537037826 0.026854125370378255
131 0.02685412537037826 0.026854125370378255
132 0.02685412537037826 0.026854125370378255
133 0.02685412537037826 0.026854125370378255
138 0.02685412537037826 0.026854125370378255
139 0.02685412537037826 0.026854125370378255
140 0.02685412537037826 0.026854125370378255
141 0.02685412537037826 0.026854125370378255
147 0.02685412537037826 0.026854125370378255
149 0.02685412537037826 0.026854125370378255
156 0.02685412537037826 0.026854125370378255
158 0.02685412537037826 0.026854125370378255
160 0.02685412537037826 0.026854125370378255
162 0.02685412537037826 0.026854125370378255
163 0.02685412537037826 0.026854125370378255
165 0.02685412537037826 0.026854125370378255
166 0.02685412537037826 0.026854125370378255
168 0.02685412537037826 0.026854125370378255
169 0.02685412537037826 0.026854125370378255
170 0.02685412537037826 0.026854125370378255
173 0.02685412537037826 0.026854125370378255
179 0.02685412537037826 0.026854125370378255
184 0.02685412537037826 0.026854125370378255
186 0.02685412537037826 0.026854125370378255
187 0.02685412537037826 0.026854125370378255
188 0.02685412537037826 0.026854125370378255
189 0.02685412537037826 0.026854125370378255
190 0.02685412537037826 0.026854125370378255
191 0.02685412537037826 0.026854125370378255
192 0.02685412537037826 0.026854125370378255
196 0.02685412537037826 0.026854125370378255
197 0.02685412537037826 0.026854125370378255
198 0.02685412537037826 0.026854125370378255
200 0.02685412537037826 0.026854125370378255
202 0.02685412537037826 0.026854125370378255
204 0.02685412537037826 0.026854125370378255
206 0.02685412537037826 0.026854125370378255
207 0.02685412537037826 0.026854125370378255
210 0.02685412537037826 0.026854125370378255
211 0.02685412537037826 0.026854125370378255
212 0.02685412537037826 0.026854125370378255
213 0.02685412537037826 0.026854125370378255
216 0.02685412537037826 0.026854125370378255
220 0.02685412537037826 0.026854125370378255
222 0.02685412537037826 0.026854125370378255
225 0.02685412537037826 0.026854125370378255
227 0.02685412537037826 0.026854125370378255
229 0.02685412537037826 0.026854125370378255
230 0.02685412537037826 0.026854125370378255
234 0.02685412537037826 0.026854125370378255
235 0.02685412537037826 0.026854125370378255
244 0.02685412537037826 0.026854125370378255
247 0.02685412537037826 0.026854125370378255
249 0.02685412537037826 0.026854125370378255
253 0.02685412537037826 0.026854125370378255
257 0.02685412537037826 0.026854125370378255
262 0.02685412537037826 0.026854125370378255
266 0.02685412537037826 0.026854125370378255
272 0.02685412537037826 0.026854125370378255
277 0.02685412537037826 0.026854125370378255
282 0.02685412537037826 0.026854125370378255
284 0.02685412537037826 0.026854125370378255
288 0.02685412537037826 0.026854125370378255
289 0.02685412537037826 0.026854125370378255
290 0.02685412537037826 0.026854125370378255
292 0.02685412537037826 0.026854125370378255
293 0.02685412537037826 0.026854125370378255
294 0.02685412537037826 0.026854125370378255
295 0.02685412537037826 0.026854125370378255
297 0.02685412537037826 0.026854125370378255
303 0.02685412537037826 0.026854125370378255
304 0.02685412537037826 0.026854125370378255
309 0.02685412537037826 0.026854125370378255
314 0.02685412537037826 0.026854125370378255
317 0.02685412537037826 0.026854125370378255
318 0.02685412537037826 0.026854125370378255
321 0.02685412537037826 0.026854125370378255
328 0.02685412537037826 0.026854125370378255
329 0.02685412537037826 0.026854125370378255
330 0.02685412537037826 0.026854125370378255
338 0.02685412537037826 0.026854125370378255
339 0.02685412537037826 0.026854125370378255
341 0.02685412537037826 0.026854125370378255
342 0.02685412537037826 0.026854125370378255
344 0.02685412537037826 0.026854125370378255
345 0.02685412537037826 0.026854125370378255
346 0.02685412537037826 0.026854125370378255
347 0.02685412537037826 0.026854125370378255
348 0.02685412537037826 0.026854125370378255
349 0.02685412537037826 0.026854125370378255
354 0.02685412537037826 0.026854125370378255
357 0.02685412537037826 0.026854125370378255
358 0.02685412537037826 0.026854125370378255
360 0.02685412537037826 0.026854125370378255
363 0.02685412537037826 0.026854125370378255
364 0.02685412537037826 0.026854125370378255
365 0.02685412537037826 0.026854125370378255
366 0.02685412537037826 0.026854125370378255
367 0.02685412537037826 0.026854125370378255
370 0.02685412537037826 0.026854125370378255
371 0.02685412537037826 0.026854125370378255
372 0.02685412537037826 0.026854125370378255
373 0.02685412537037826 0.026854125370378255
377 0.02685412537037826 0.026854125370378255
380 0.02685412537037826 0.026854125370378255
388 0.02685412537037826 0.026854125370378255
398 0.02685412537037826 0.026854125370378255
401 0.02685412537037826 0.026854125370378255
409 0.02685412537037826 0.026854125370378255
413 0.02685412537037826 0.026854125370378255
417 0.02685412537037826 0.026854125370378255
423 0.02685412537037826 0.026854125370378255
428 0.02685412537037826 0.026854125370378255
435 0.02685412537037826 0.026854125370378255
439 0.02685412537037826 0.026854125370378255
440 0.02685412537037826 0.026854125370378255
441 0.02685412537037826 0.026854125370378255
442 0.02685412537037826 0.026854125370378255
443 0.02685412537037826 0.026854125370378255
452 0.02685412537037826 0.026854125370378255
454 0.02685412537037826 0.026854125370378255
455 0.02685412537037826 0.026854125370378255
456 0.02685412537037826 0.026854125370378255
458 0.02685412537037826 0.026854125370378255
459 0.02685412537037826 0.026854125370378255
465 0.02685412537037826 0.026854125370378255
467 0.02685412537037826 0.026854125370378255
468 0.02685412537037826 0.026854125370378255
469 0.02685412537037826 0.026854125370378255
476 0.02685412537037826 0.026854125370378255
484 0.02685412537037826 0.026854125370378255
486 0.02685412537037826 0.026854125370378255
491 0.02685412537037826 0.026854125370378255
493 0.02685412537037826 0.026854125370378255
496 0.02685412537037826 0.026854125370378255
498 0.02685412537037826 0.026854125370378255
500 0.02685412537037826 0.026854125370378255
503 0.02685412537037826 0.026854125370378255
508 0.02685412537037826 0.026854125370378255
518 0.02685412537037826 0.026854125370378255
520 0.02685412537037826 0.026854125370378255
522 0.02685412537037826 0.026854125370378255
530 0.02685412537037826 0.026854125370378255
536 0.02685412537037826 0.026854125370378255
538 0.02685412537037826 0.026854125370378255
541 0.02685412537037826 0.026854125370378255
548 0.02685412537037826 0.026854125370378255
552 0.02685412537037826 0.026854125370378255
556 0.02685412537037826 0.026854125370378255
560 0.02685412537037826 0.026854125370378255
561 0.02685412537037826 0.026854125370378255
562 0.02685412537037826 0.026854125370378255
563 0.02685412537037826 0.026854125370378255
564 0.02685412537037826 0.026854125370378255
566 0.02685412537037826 0.026854125370378255
567 0.02685412537037826 0.026854125370378255
569 0.02685412537037826 0.026854125370378255
570 0.02685412537037826 0.026854125370378255
571 0.02685412537037826 0.026854125370378255
572 0.02685412537037826 0.026854125370378255
573 0.02685412537037826 0.026854125370378255
574 0.02685412537037826 0.026854125370378255
580 0.02685412537037826 0.026854125370378255
588 0.02685412537037826 0.026854125370378255
593 0.02685412537037826 0.026854125370378255
599 0.02685412537037826 0.026854125370378255
600 0.02685412537037826 0.026854125370378255
601 0.02685412537037826 0.026854125370378255
602 0.02685412537037826 0.026854125370378255
603 0.02685412537037826 0.026854125370378255
606 0.02685412537037826 0.026854125370378255
613 0.02685412537037826 0.026854125370378255
614 0.02685412537037826 0.026854125370378255
615 0.02685412537037826 0.026854125370378255
620 0.02685412537037826 0.026854125370378255
623 0.02685412537037826 0.026854125370378255
625 0.02685412537037826 0.026854125370378255
626 0.02685412537037826 0.026854125370378255
627 0.02685412537037826 0.026854125370378255
628 0.02685412537037826 0.026854125370378255
632 0.02685412537037826 0.026854125370378255
634 0.02685412537037826 0.026854125370378255
636 0.02685412537037826 0.026854125370378255
640 0.02685412537037826 0.026854125370378255
644 0.02685412537037826 0.026854125370378255
645 0.02685412537037826 0.026854125370378255
646 0.02685412537037826 0.026854125370378255
649 0.02685412537037826 0.026854125370378255
651 0.02685412537037826 0.026854125370378255
659 0.02685412537037826 0.026854125370378255
660 0.02685412537037826 0.026854125370378255
661 0.02685412537037826 0.026854125370378255
663 0.02685412537037826 0.026854125370378255
665 0.02685412537037826 0.026854125370378255
666 0.02685412537037826 0.026854125370378255
674 0.02685412537037826 0.026854125370378255
675 0.02685412537037826 0.026854125370378255
681 0.02685412537037826 0.026854125370378255
682 0.02685412537037826 0.026854125370378255
683 0.02685412537037826 0.026854125370378255
685 0.02685412537037826 0.026854125370378255
686 0.02685412537037826 0.026854125370378255
688 0.02685412537037826 0.026854125370378255
689 0.02685412537037826 0.026854125370378255
697 0.02685412537037826 0.026854125370378255
699 0.02685412537037826 0.026854125370378255
704 0.02685412537037826 0.026854125370378255
707 0.02685412537037826 0.026854125370378255
712 0.02685412537037826 0.026854125370378255
714 0.02685412537037826 0.026854125370378255
719 0.02685412537037826 0.026854125370378255
720 0.02685412537037826 0.026854125370378255
721 0.02685412537037826 0.026854125370378255
726 0.02685412537037826 0.026854125370378255
727 0.02685412537037826 0.026854125370378255
729 0.02685412537037826 0.026854125370378255
730 0.02685412537037826 0.026854125370378255
731 0.02685412537037826 0.026854125370378255
732 0.02685412537037826 0.026854125370378255
734 0.02685412537037826 0.026854125370378255
738 0.02685412537037826 0.026854125370378255
739 0.02685412537037826 0.026854125370378255
746 0.02685412537037826 0.026854125370378255
753 0.02685412537037826 0.026854125370378255
757 0.02685412537037826 0.026854125370378255
766 0.02685412537037826 0.026854125370378255
767 0.02685412537037826 0.026854125370378255
772 0.02685412537037826 0.026854125370378255
773 0.02685412537037826 0.026854125370378255
779 0.02685412537037826 0.026854125370378255
780 0.02685412537037826 0.026854125370378255
781 0.02685412537037826 0.026854125370378255
782 0.02685412537037826 0.026854125370378255
783 0.02685412537037826 0.026854125370378255
785 0.02685412537037826 0.026854125370378255
787 0.02685412537037826 0.026854125370378255
788 0.02685412537037826 0.026854125370378255
790 0.02685412537037826 0.026854125370378255
792 0.02685412537037826 0.026854125370378255
794 0.02685412537037826 0.026854125370378255
797 0.02685412537037826 0.026854125370378255
798 0.02685412537037826 0.026854125370378255
801 0.02685412537037826 0.026854125370378255
803 0.02685412537037826 0.026854125370378255
805 0.02685412537037826 0.026854125370378255
806 0.02685412537037826 0.026854125370378255
810 0.02685412537037826 0.026854125370378255
812 0.02685412537037826 0.026854125370378255
814 0.02685412537037826 0.026854125370378255
816 0.02685412537037826 0.026854125370378255
818 0.02685412537037826 0.026854125370378255
820 0.02685412537037826 0.026854125370378255
822 0.02685412537037826 0.026854125370378255
824 0.02685412537037826 0.026854125370378255
825 0.02685412537037826 0.026854125370378255
826 0.02685412537037826 0.026854125370378255
829 0.02685412537037826 0.026854125370378255
830 0.02685412537037826 0.026854125370378255
837 0.02685412537037826 0.026854125370378255
839 0.02685412537037826 0.026854125370378255
843 0.02685412537037826 0.026854125370378255
844 0.02685412537037826 0.026854125370378255
845 0.02685412537037826 0.026854125370378255
846 0.02685412537037826 0.026854125370378255
856 0.02685412537037826 0.026854125370378255
857 0.02685412537037826 0.026854125370378255
869 0.02685412537037826 0.026854125370378255
872 0.02685412537037826 0.026854125370378255
873 0.02685412537037826 0.026854125370378255
874 0.02685412537037826 0.026854125370378255
881 0.02685412537037826 0.026854125370378255
883 0.02685412537037826 0.026854125370378255
887 0.02685412537037826 0.026854125370378255
889 0.02685412537037826 0.026854125370378255
890 0.02685412537037826 0.026854125370378255
891 0.02685412537037826 0.026854125370378255
894 0.02685412537037826 0.026854125370378255
901 0.02685412537037826 0.026854125370378255
903 0.02685412537037826 0.026854125370378255
907 0.02685412537037826 0.026854125370378255
917 0.02685412537037826 0.026854125370378255
918 0.02685412537037826 0.026854125370378255
921 0.02685412537037826 0.026854125370378255
923 0.02685412537037826 0.026854125370378255
924 0.02685412537037826 0.026854125370378255
927 0.02685412537037826 0.026854125370378255
928 0.02685412537037826 0.026854125370378255
933 0.02685412537037826 0.026854125370378255
939 0.02685412537037826 0.026854125370378255
942 0.02685412537037826 0.026854125370378255
946 0.02685412537037826 0.026854125370378255
947 0.02685412537037826 0.026854125370378255
951 0.02685412537037826 0.026854125370378255
952 0.02685412537037826 0.026854125370378255
960 0.02685412537037826 0.026854125370378255
961 0.02685412537037826 0.026854125370378255
962 0.02685412537037826 0.026854125370378255
974 0.02685412537037826 0.026854125370378255
976 0.02685412537037826 0.026854125370378255
982 0.02685412537037826 0.026854125370378255
984 0.02685412537037826 0.026854125370378255
985 0.02685412537037826 0.026854125370378255
986 0.02685412537037826 0.026854125370378255
987 0.02685412537037826 0.026854125370378255
996 0.02685412537037826 0.026854125370378255
1000 0.02685412537037826 0.026854125370378255
1013 0.02685412537037826 0.026854125370378255
1015 0.02685412537037826 0.026854125370378255
1019 0.02685412537037826 0.026854125370378255
1020 0.02685412537037826 0.026854125370378255
1028 0.02685412537037826 0.026854125370378255
1039 0.02685412537037826 0.026854125370378255
1040 0.02685412537037826 0.026854125370378255
1051 0.02685412537037826 0.026854125370378255
1056 0.02685412537037826 0.026854125370378255
1059 0.02685412537037826 0.026854125370378255
1061 0.02685412537037826 0.026854125370378255
1066 0.02685412537037826 0.026854125370378255
1068 0.02685412537037826 0.026854125370378255
1074 0.02685412537037826 0.026854125370378255
1075 0.02685412537037826 0.026854125370378255
1076 0.02685412537037826 0.026854125370378255
1078 0.02685412537037826 0.026854125370378255
1080 0.02685412537037826 0.026854125370378255
1081 0.02685412537037826 0.026854125370378255
1082 0.02685412537037826 0.026854125370378255
1092 0.02685412537037826 0.026854125370378255
1104 0.02685412537037826 0.026854125370378255
1108 0.02685412537037826 0.026854125370378255
1112 0.02685412537037826 0.026854125370378255
1115 0.02685412537037826 0.026854125370378255
1119 0.02685412537037826 0.026854125370378255
1121 0.02685412537037826 0.026854125370378255
1125 0.02685412537037826 0.026854125370378255
1128 0.02685412537037826 0.026854125370378255
1131 0.02685412537037826 0.026854125370378255
1134 0.02685412537037826 0.026854125370378255
1135 0.02685412537037826 0.026854125370378255
1137 0.02685412537037826 0.026854125370378255
1144 0.02685412537037826 0.026854125370378255
1151 0.02685412537037826 0.026854125370378255
1153 0.02685412537037826 0.026854125370378255
1156 0.02685412537037826 0.026854125370378255
1157 0.02685412537037826 0.026854125370378255
1158 0.02685412537037826 0.026854125370378255
1161 0.02685412537037826 0.026854125370378255
1163 0.02685412537037826 0.026854125370378255
1175 0.02685412537037826 0.026854125370378255
1177 0.02685412537037826 0.026854125370378255
1179 0.02685412537037826 0.026854125370378255
1180 0.02685412537037826 0.026854125370378255
1182 0.02685412537037826 0.026854125370378255
1186 0.02685412537037826 0.026854125370378255
1187 0.02685412537037826 0.026854125370378255
1188 0.02685412537037826 0.026854125370378255
1191 0.02685412537037826 0.026854125370378255
1195 0.02685412537037826 0.026854125370378255
1198 0.02685412537037826 0.026854125370378255
1202 0.02685412537037826 0.026854125370378255
1203 0.02685412537037826 0.026854125370378255
1204 0.02685412537037826 0.026854125370378255
1205 0.02685412537037826 0.026854125370378255
1208 0.02685412537037826 0.026854125370378255
1209 0.02685412537037826 0.026854125370378255
1212 0.02685412537037826 0.026854125370378255
1213 0.02685412537037826 0.026854125370378255
1214 0.02685412537037826 0.026854125370378255
1215 0.02685412537037826 0.026854125370378255
1216 0.02685412537037826 0.026854125370378255
1218 0.02685412537037826 0.026854125370378255
1220 0.02685412537037826 0.026854125370378255
1224 0.02685412537037826 0.026854125370378255
1226 0.02685412537037826 0.026854125370378255
1228 0.02685412537037826 0.026854125370378255
1229 0.02685412537037826 0.026854125370378255
1230 0.02685412537037826 0.026854125370378255
1231 0.02685412537037826 0.026854125370378255
1232 0.02685412537037826 0.026854125370378255
1235 0.02685412537037826 0.026854125370378255
1238 0.02685412537037826 0.026854125370378255
1239 0.02685412537037826 0.026854125370378255
1240 0.02685412537037826 0.026854125370378255
1241 0.02685412537037826 0.026854125370378255
1244 0.02685412537037826 0.026854125370378255
1246 0.02685412537037826 0.026854125370378255
1248 0.02685412537037826 0.026854125370378255
1251 0.02685412537037826 0.026854125370378255
1254 0.02685412537037826 0.026854125370378255
1255 0.02685412537037826 0.026854125370378255
1258 0.02685412537037826 0.026854125370378255
1261 0.02685412537037826 0.026854125370378255
1263 0.02685412537037826 0.026854125370378255
1264 0.02685412537037826 0.026854125370378255
1265 0.02685412537037826 0.026854125370378255
1268 0.02685412537037826 0.026854125370378255
1271 0.02685412537037826 0.026854125370378255
1272 0.02685412537037826 0.026854125370378255
1274 0.02685412537037826 0.026854125370378255
1277 0.02685412537037826 0.026854125370378255
1278 0.02685412537037826 0.026854125370378255
1280 0.02685412537037826 0.026854125370378255
1281 0.02685412537037826 0.026854125370378255
1282 0.02685412537037826 0.026854125370378255
1284 0.02685412537037826 0.026854125370378255
1289 0.02685412537037826 0.026854125370378255
1290 0.02685412537037826 0.026854125370378255
1296 0.02685412537037826 0.026854125370378255
1300 0.02685412537037826 0.026854125370378255
1302 0.02685412537037826 0.026854125370378255
1303 0.02685412537037826 0.026854125370378255
1304 0.02685412537037826 0.026854125370378255
1309 0.02685412537037826 0.026854125370378255
1310 0.02685412537037826 0.026854125370378255
1313 0.02685412537037826 0.026854125370378255
1319 0.02685412537037826 0.026854125370378255
1320 0.02685412537037826 0.026854125370378255
1321 0.02685412537037826 0.026854125370378255
1324 0.02685412537037826 0.026854125370378255
1327 0.02685412537037826 0.026854125370378255
1329 0.02685412537037826 0.026854125370378255
1330 0.02685412537037826 0.026854125370378255
1333 0.02685412537037826 0.026854125370378255
1335 0.02685412537037826 0.026854125370378255
1337 0.02685412537037826 0.026854125370378255
1338 0.02685412537037826 0.026854125370378255
1339 0.02685412537037826 0.026854125370378255
1341 0.02685412537037826 0.026854125370378255
1342 0.02685412537037826 0.026854125370378255
1350 0.02685412537037826 0.026854125370378255
1355 0.02685412537037826 0.026854125370378255
1362 0.02685412537037826 0.026854125370378255
1363 0.02685412537037826 0.026854125370378255
1364 0.02685412537037826 0.026854125370378255
1366 0.02685412537037826 0.026854125370378255
1370 0.02685412537037826 0.026854125370378255
1372 0.02685412537037826 0.026854125370378255
1373 0.02685412537037826 0.026854125370378255
1374 0.02685412537037826 0.026854125370378255
1381 0.02685412537037826 0.026854125370378255
1383 0.02685412537037826 0.026854125370378255
1384 0.02685412537037826 0.026854125370378255
1385 0.02685412537037826 0.026854125370378255
