1316 0.0007249272443128997 1397
110 0.0007249272443128997 1397
583 0.0007249272443128997 1397
1199 0.0007249272443128997 1397
576 0.0007249272443128997 1397
283 0.0007249272443128997 1397
529 0.0007244803851520006 1396
695 0.000724451612910764 1396
1315 0.000724451612910764 1396
259 0.0007240392471677049 1395
524 0.0007240195512026637 1395
691 0.0007240075433409374 1395
302 0.0007239916481069326 1395
1312 0.0007226773929267796 1392
129 0.0007180431448297436 1396
140 0.0007180431448297436 1396
729 0.0007180431448297436 1396
1338 0.0007180431448297436 1396
500 0.0007180431448297436 1396
1327 0.0007180431448297436 1396
294 0.0007180431448297436 1396
6 0.0007180431448297436 1396
719 0.0007180431448297436 1396
614 0.0007180431448297436 1396
295 0.0007180431448297436 1396
891 0.0007180431448297436 1396
839 0.0007180431448297436 1396
112 0.0007180431448297436 1396
43 0.0007180431448297436 1396
1309 0.0007180431448297436 1396
1319 0.0007180431448297436 1396
820 0.0007180431448297436 1396
947 0.0007180431448297436 1396
220 0.0007180431448297436 1396
567 0.0007180431448297436 1396
946 0.0007180431448297436 1396
377 0.0007180431448297436 1396
92 0.0007180431448297436 1396
889 0.0007180431448297436 1396
1265 0.0007180431448297436 1396
707 0.0007180431448297436 1396
781 0.0007180431448297436 1396
794 0.0007180431448297436 1396
42 0.0007180431448297436 1396
1078 0.0007180431448297436 1396
674 0.0007180431448297436 1396
366 0.0007180431448297436 1396
1364 0.0007180431448297436 1396
443 0.0007180431448297436 1396
732 0.0007180431448297436 1396
94 0.0007180431448297436 1396
564 0.0007180431448297436 1396
1076 0.0007180431448297436 1396
1092 0.0007180431448297436 1396
651 0.0007180431448297436 1396
78 0.0007180431448297436 1396
169 0.0007180431448297436 1396
469 0.0007180431448297436 1396
869 0.0007180431448297436 1396
996 0.0007180431448297436 1396
1239 0.0007180431448297436 1396
173 0.0007180431448297436 1396
163 0.0007180431448297436 1396
1205 0.0007180431448297436 1396
297 0.0007180431448297436 1396
1215 0.0007180431448297436 1396
207 0.0007180431448297436 1396
739 0.0007180431448297436 1396
984 0.0007180431448297436 1396
36 0.0007180431448297436 1396
257 0.0007180431448297436 1396
284 0.0007180431448297436 1396
1232 0.0007180431448297436 1396
18 0.0007180431448297436 1396
649 0.0007180431448297436 1396
872 0.0007180431448297436 1396
1355 0.0007180431448297436 1396
810 0.0007180431448297436 1396
435 0.0007180431448297436 1396
974 0.0007180431448297436 1396
1015 0.0007180431448297436 1396
1324 0.0007180431448297436 1396
720 0.0007180431448297436 1396
192 0.0007180431448297436 1396
1264 0.0007180431448297436 1396
364 0.0007180431448297436 1396
84 0.0007180431448297436 1396
783 0.0007180431448297436 1396
1235 0.0007180431448297436 1396
1391 0.0007180431448297436 1396
890 0.0007180431448297436 1396
354 0.0007180431448297436 1396
1082 0.0007180431448297436 1396
825 0.0007180431448297436 1396
1177 0.0007180431448297436 1396
933 0.0007180431448297436 1396
1051 0.0007180431448297436 1396
814 0.0007180431448297436 1396
440 0.0007180431448297436 1396
1330 0.0007180431448297436 1396
206 0.0007180431448297436 1396
1056 0.0007180431448297436 1396
816 0.0007180431448297436 1396
330 0.0007180431448297436 1396
202 0.0007180431448297436 1396
184 0.0007180431448297436 1396
806 0.0007180431448297436 1396
439 0.0007180431448297436 1396
628 0.0007180431448297436 1396
846 0.0007180431448297436 1396
790 0.0007180431448297436 1396
321 0.0007180431448297436 1396
24 0.0007180431448297436 1396
1238 0.0007180431448297436 1396
1310 0.0007180431448297436 1396
1151 0.0007180431448297436 1396
812 0.0007180431448297436 1396
731 0.0007180431448297436 1396
85 0.0007180431448297436 1396
1061 0.0007180431448297436 1396
14 0.0007180431448297436 1396
1321 0.0007180431448297436 1396
160 0.0007180431448297436 1396
907 0.0007180431448297436 1396
409 0.0007180431448297436 1396
625 0.0007180431448297436 1396
753 0.0007180431448297436 1396
686 0.0007180431448297436 1396
428 0.0007180431448297436 1396
883 0.0007180431448297436 1396
600 0.0007180431448297436 1396
1156 0.0007180431448297436 1396
873 0.0007180431448297436 1396
456 0.0007180431448297436 1396
1188 0.0007180431448297436 1396
1268 0.0007180431448297436 1396
986 0.0007180431448297436 1396
634 0.0007180431448297436 1396
454 0.0007180431448297436 1396
97 0.0007180431448297436 1396
211 0.0007180431448297436 1396
49 0.0007180431448297436 1396
1341 0.0007180431448297436 1396
189 0.0007180431448297436 1396
548 0.0007180431448297436 1396
210 0.0007180431448297436 1396
191 0.0007180431448297436 1396
1121 0.0007180431448297436 1396
496 0.0007180431448297436 1396
1290 0.0007180431448297436 1396
1280 0.0007180431448297436 1396
212 0.0007180431448297436 1396
413 0.0007180431448297436 1396
1251 0.0007180431448297436 1396
1135 0.0007180431448297436 1396
522 0.0007180431448297436 1396
1075 0.0007180431448297436 1396
1339 0.0007180431448297436 1396
253 0.0007180431448297436 1396
349 0.0007180431448297436 1396
76 0.0007180431448297436 1396
987 0.0007180431448297436 1396
47 0.0007180431448297436 1396
234 0.0007180431448297436 1396
38 0.0007180431448297436 1396
1282 0.0007180431448297436 1396
520 0.0007180431448297436 1396
225 0.0007180431448297436 1396
606 0.0007180431448297436 1396
1300 0.0007180431448297436 1396
1390 0.0007180431448297436 1396
623 0.0007180431448297436 1396
627 0.0007180431448297436 1396
196 0.0007180431448297436 1396
358 0.0007180431448297436 1396
1115 0.0007180431448297436 1396
124 0.0007180431448297436 1396
663 0.0007180431448297436 1396
1074 0.0007180431448297436 1396
1337 0.0007180431448297436 1396
818 0.0007180431448297436 1396
1231 0.0007180431448297436 1396
613 0.0007180431448297436 1396
304 0.0007180431448297436 1396
1020 0.0007180431448297436 1396
734 0.0007180431448297436 1396
917 0.0007180431448297436 1396
646 0.0007180431448297436 1396
601 0.0007180431448297436 1396
35 0.0007180431448297436 1396
1137 0.0007180431448297436 1396
1066 0.0007180431448297436 1396
787 0.0007180431448297436 1396
282 0.0007180431448297436 1396
1255 0.0007180431448297436 1396
1277 0.0007180431448297436 1396
1059 0.0007180431448297436 1396
1320 0.0007180431448297436 1396
928 0.0007180431448297436 1396
1128 0.0007180431448297436 1396
197 0.0007180431448297436 1396
780 0.0007180431448297436 1396
985 0.0007180431448297435 1396
200 0.0007180431448297435 1396
52 0.0007180431448297435 1396
1119 0.0007180431448297435 1396
1158 0.0007180431448297435 1396
1381 0.0007180431448297435 1396
593 0.0007180431448297435 1396
1240 0.0007180431448297435 1396
53 0.0007180431448297435 1396
1214 0.0007180431448297435 1396
139 0.0007180431448297435 1396
942 0.0007180431448297435 1396
689 0.0007180431448297435 1396
560 0.0007180431448297435 1396
25 0.0007180431448297435 1396
458 0.0007180431448297435 1396
952 0.0007180431448297435 1396
1202 0.0007180431448297435 1396
788 0.0007180431448297435 1396
1281 0.0007180431448297435 1396
1296 0.0007180431448297435 1396
442 0.0007180431448297435 1396
230 0.0007180431448297435 1396
73 0.0007180431448297435 1396
571 0.0007180431448297435 1396
772 0.0007180431448297435 1396
626 0.0007180431448297435 1396
149 0.0007180431448297435 1396
712 0.0007180431448297435 1396
289 0.0007180431448297435 1396
363 0.0007180431448297435 1396
345 0.0007180431448297435 1396
165 0.0007180431448297435 1396
1246 0.0007180431448297435 1396
244 0.0007180431448297435 1396
615 0.0007180431448297435 1396
370 0.0007180431448297435 1396
318 0.0007180431448297435 1396
216 0.0007180431448297435 1396
603 0.0007180431448297435 1396
924 0.0007180431448297435 1396
190 0.0007180431448297435 1396
89 0.0007180431448297435 1396
371 0.0007180431448297435 1396
50 0.0007180431448297435 1396
538 0.0007180431448297435 1396
1112 0.0007180431448297435 1396
1204 0.0007180431448297435 1396
1209 0.0007180431448297435 1396
342 0.0007180431448297435 1396
1383 0.0007180431448297435 1396
1039 0.0007180431448297435 1396
346 0.0007180431448297435 1396
632 0.0007180431448297435 1396
1366 0.0007180431448297435 1396
1289 0.0007180431448297435 1396
1163 0.0007180431448297435 1396
33 0.0007180431448297435 1396
158 0.0007180431448297435 1396
60 0.0007180431448297435 1396
1028 0.0007180431448297435 1396
365 0.0007180431448297435 1396
962 0.0007180431448297435 1396
467 0.0007180431448297435 1396
503 0.0007180431448297435 1396
746 0.0007180431448297435 1396
1157 0.0007180431448297435 1396
588 0.0007180431448297435 1396
1203 0.0007180431448297435 1396
372 0.0007180431448297435 1396
1229 0.0007180431448297435 1396
1373 0.0007180431448297435 1396
1392 0.0007180431448297435 1396
290 0.0007180431448297435 1396
782 0.0007180431448297435 1396
1191 0.0007180431448297435 1396
1153 0.0007180431448297435 1396
961 0.0007180431448297435 1396
681 0.0007180431448297435 1396
901 0.0007180431448297435 1396
468 0.0007180431448297435 1396
767 0.0007180431448297435 1396
976 0.0007180431448297435 1396
1284 0.0007180431448297435 1396
927 0.0007180431448297435 1396
1144 0.0007180431448297435 1396
388 0.0007180431448297435 1396
204 0.0007180431448297435 1396
1350 0.0007180431448297435 1396
1398 0.0007180431448297435 1396
599 0.0007180431448297435 1396
348 0.0007180431448297435 1396
1384 0.0007180431448297435 1396
1342 0.0007180431448297435 1396
96 0.0007180431448297435 1396
704 0.0007180431448297435 1396
1261 0.0007180431448297435 1396
1224 0.0007180431448297435 1396
903 0.0007180431448297435 1396
1080 0.0007180431448297435 1396
1263 0.0007180431448297435 1396
1271 0.0007180431448297435 1396
1179 0.0007180431448297435 1396
486 0.0007180431448297435 1396
830 0.0007180431448297435 1396
636 0.0007180431448297435 1396
552 0.0007180431448297435 1396
1213 0.0007180431448297435 1396
766 0.0007180431448297435 1396
1198 0.0007180431448297435 1396
1370 0.0007180431448297435 1396
536 0.0007180431448297435 1396
314 0.0007180431448297435 1396
1313 0.0007180431448297435 1396
665 0.0007180431448297435 1396
792 0.0007180431448297435 1396
683 0.0007180431448297435 1396
63 0.0007180431448297435 1396
423 0.0007180431448297435 1396
682 0.0007180431448297435 1396
874 0.0007180431448297435 1396
277 0.0007180431448297435 1396
156 0.0007180431448297435 1396
141 0.0007180431448297435 1396
530 0.0007180431448297435 1396
1333 0.0007180431448297435 1396
785 0.0007180431448297435 1396
75 0.0007180431448297435 1396
138 0.0007180431448297435 1396
417 0.0007180431448297435 1396
293 0.0007180431448297435 1396
329 0.0007180431448297435 1396
262 0.0007180431448297435 1396
556 0.0007180431448297435 1396
1195 0.0007180431448297435 1396
757 0.0007180431448297435 1396
685 0.0007180431448297435 1396
380 0.0007180431448297435 1396
1187 0.0007180431448297435 1396
1208 0.0007180431448297435 1396
541 0.0007180431448297435 1396
1274 0.0007180431448297435 1396
1068 0.0007180431448297435 1396
1254 0.0007180431448297435 1396
247 0.0007180431448297435 1396
1125 0.0007180431448297435 1396
133 0.0007180431448297435 1396
714 0.0007180431448297435 1396
1000 0.0007180431448297435 1396
726 0.0007180431448297435 1396
797 0.0007180431448297435 1396
939 0.0007180431448297435 1396
309 0.0007180431448297435 1396
103 0.0007180431448297435 1396
125 0.0007180431448297435 1396
837 0.0007180431448297435 1396
341 0.0007180431448297435 1396
227 0.0007180431448297435 1396
360 0.0007180431448297435 1396
894 0.0007180431448297435 1396
824 0.0007180431448297435 1396
563 0.0007180431448297435 1396
923 0.0007180431448297435 1396
1131 0.0007180431448297435 1396
1186 0.0007180431448297435 1396
666 0.0007180431448297435 1396
30 0.0007180431448297435 1396
292 0.0007180431448297435 1396
7 0.0007180431448297435 1396
168 0.0007180431448297435 1396
272 0.0007180431448297435 1396
1180 0.0007180431448297435 1396
1134 0.0007180431448297435 1396
1241 0.0007180431448297435 1396
572 0.0007180431448297435 1396
640 0.0007180431448297435 1396
1104 0.0007180431448297435 1396
34 0.0007180431448297435 1396
951 0.0007180431448297435 1396
77 0.0007180431448297435 1396
1019 0.0007180431448297435 1396
1362 0.0007180431448297435 1396
602 0.0007180431448297435 1396
1393 0.0007180431448297435 1396
1335 0.0007180431448297435 1396
459 0.0007180431448297435 1396
452 0.0007180431448297435 1396
675 0.0007180431448297435 1396
798 0.0007180431448297435 1396
699 0.0007180431448297435 1396
147 0.0007180431448297435 1396
28 0.0007180431448297435 1396
779 0.0007180431448297435 1396
1182 0.0007180431448297435 1396
801 0.0007180431448297435 1396
198 0.0007180431448297435 1396
1013 0.0007180431448297435 1396
843 0.0007180431448297435 1396
518 0.0007180431448297435 1396
721 0.0007180431448297435 1396
918 0.0007180431448297435 1396
288 0.0007180431448297435 1396
661 0.0007180431448297435 1396
186 0.0007180431448297435 1396
79 0.0007180431448297435 1396
1248 0.0007180431448297435 1396
357 0.0007180431448297435 1396
644 0.0007180431448297435 1396
822 0.0007180431448297435 1396
1218 0.0007180431448297435 1396
660 0.0007180431448297435 1396
303 0.0007180431448297435 1396
1212 0.0007180431448297435 1396
373 0.0007180431448297435 1396
328 0.0007180431448297435 1396
845 0.0007180431448297435 1396
829 0.0007180431448297435 1396
465 0.0007180431448297435 1396
266 0.0007180431448297435 1396
131 0.0007180431448297435 1396
1226 0.0007180431448297435 1396
1175 0.0007180431448297435 1396
229 0.0007180431448297435 1396
881 0.0007180431448297435 1396
249 0.0007180431448297435 1396
574 0.0007180431448297435 1396
730 0.0007180431448297435 1396
235 0.0007180431448297435 1396
493 0.0007180431448297435 1396
58 0.0007180431448297435 1396
1397 0.0007180431448297435 1396
166 0.0007180431448297435 1396
1220 0.0007180431448297435 1396
498 0.0007180431448297435 1396
39 0.0007180431448297435 1396
101 0.0007180431448297435 1396
132 0.0007180431448297435 1396
826 0.0007180431448297435 1396
1385 0.0007180431448297435 1396
1372 0.0007180431448297435 1396
1244 0.0007180431448297435 1396
128 0.0007180431448297435 1396
1040 0.0007180431448297435 1396
1272 0.0007180431448297435 1396
803 0.0007180431448297435 1396
887 0.0007180431448297435 1396
1258 0.0007180431448297435 1396
344 0.0007180431448297435 1396
573 0.0007180431448297435 1396
562 0.0007180431448297435 1396
187 0.0007180431448297435 1396
188 0.0007180431448297435 1396
659 0.0007180431448297435 1396
123 0.0007180431448297435 1396
120 0.0007180431448297435 1396
48 0.0007180431448297435 1396
56 0.0007180431448297435 1396
566 0.0007180431448297435 1396
484 0.0007180431448297435 1396
1108 0.0007180431448297435 1396
162 0.0007180431448297435 1396
1329 0.0007180431448297435 1396
921 0.0007180431448297435 1396
1374 0.0007180431448297435 1396
697 0.0007180431448297435 1396
491 0.0007180431448297435 1396
688 0.0007180431448297435 1396
1081 0.0007180431448297435 1396
476 0.0007180431448297435 1396
338 0.0007180431448297435 1396
580 0.0007180431448297435 1396
29 0.0007180431448297435 1396
844 0.0007180431448297435 1396
455 0.0007180431448297435 1396
620 0.0007180431448297435 1396
561 0.0007180431448297435 1396
9 0.0007180431448297435 1396
317 0.0007180431448297435 1396
44 0.0007180431448297435 1396
508 0.0007180431448297435 1396
570 0.0007180431448297435 1396
213 0.0007180431448297435 1396
738 0.0007180431448297435 1396
960 0.0007180431448297435 1396
1302 0.0007180431448297435 1396
401 0.0007180431448297435 1396
856 0.0007180431448297435 1396
15 0.0007180431448297435 1396
222 0.0007180431448297435 1396
398 0.0007180431448297435 1396
1228 0.0007180431448297435 1396
179 0.0007180431448297435 1396
857 0.0007180431448297435 1396
1304 0.0007180431448297435 1396
569 0.0007180431448297435 1396
1303 0.0007180431448297435 1396
347 0.0007180431448297435 1396
1363 0.0007180431448297435 1396
