
Cluster 1:
1 8 38 40 41 42 43 52 53 60 70 75 76 78 79 80 83 96 103 113 129 132 136 141 173 174 177 178 182 187 189 196 197 199 200 202 203 204 205 206 210 212 213 214 215 216 217 220 222 223 225 226 230 237 238 244 245 246 247 249 250 252 265 276 277 279 280 282 284 285 287 288 289 291 293 311 312 314 315 316 338 379 411 415 416 420 426 429 430 431 432 433 434 437 439 440 441 464 466 471 490 503 505 511 513 514 516 519 520 543 545 546 548 561 567 571 588 590 592 594 600 601 602 603 604 608 609 612 613 614 615 618 621 624 630 631 632 634 636 638 643 654 658 668 671 673 674 675 676 677 678 679 680 681 682 683 684 685 686 687 692 693 694 695 696 698 699 701 702 703 704 708 709 710 711 712 713 722 727 747 748 749 752 753 755 757 768 770 772 773 776 780 781 782 783 790 791 792 793 794 795 796 797 798 799 800 803 804 805 806 807 808 809 811 856 857 859 860 866 867 876 877 879 880 881 883 893 895 900 903 904 905 913 916 917 918 919 920 923 924 942 948 949 970 971 972 975 984 995 996 997 998 1001 1007 1010 1027 1062 1064 1066 1074 1075 1080 1089 1090 1091 1092 1094 1095 1096 1098 1101 1102 1103 1113 1115 1144 1150 1155 1156 1160 1162 1163 1164 1168 1169 1170 1187 1188 1191 1195 1205 1208 1211 1212 1216 1218 1239 1243 1246 1250 1256 1258 1264 1266 1271 1276 1277 1280 1287 1289 1290 1291 1292 1306 1308 1312 1313 1314 1315 1316 1320 1325 1326 1331 1332 1333 1334 1335 1336 1337 1338 1339 1340 1341 1342 1343 1344 1345 1347 1349 1350 1351 1353 1354 1367 1380 1381

Cluster 2:
10 11 13 18 19 20 25 26 27 28 32 35 36 37 39 44 48 56 57 58 63 64 68 69 77 84 85 93 97 101 106 110 112 114 122 123 124 138 139 146 147 151 154 156 160 161 162 169 171 172 175 176 179 183 184 186 188 190 192 193 194 208 211 218 227 229 231 232 233 234 235 239 243 248 253 259 262 263 266 270 272 273 283 294 296 302 304 310 318 319 327 330 331 332 334 349 354 356 357 359 360 369 370 371 372 373 384 401 402 403 408 409 410 414 421 423 428 435 438 443 446 447 448 449 456 465 469 473 483 486 488 491 492 494 495 496 498 501 504 506 508 517 521 522 523 525 526 528 531 533 534 535 536 537 540 541 544 553 555 556 557 558 559 569 572 573 574 575 576 577 578 589 591 593 595 597 599 605 616 617 625 626 628 635 651 653 656 657 662 665 666 670 688 689 690 691 714 716 717 718 721 758 759 786 787 801 802 810 812 813 815 816 849 878 901 902 907 911 921 922 925 927 939 946 947 950 964 969 973 976 979 991 992 993 994 999 1000 1002 1003 1004 1005 1006 1009 1011 1040 1049 1065 1082 1093 1104 1105 1106 1107 1110 1111 1112 1114 1124 1140 1143 1151 1152 1153 1157 1158 1159 1165 1166 1167 1179 1183 1184 1186 1189 1196 1197 1198 1201 1203 1204 1210 1213 1214 1224 1228 1229 1230 1231 1232 1234 1236 1238 1245 1247 1248 1249 1252 1253 1255 1259 1262 1267 1269 1274 1279 1284 1285 1286 1288 1296 1297 1299 1300 1303 1304 1305 1307 1309 1310 1311 1318 1319 1327 1328 1352 1356 1373 1377 1378 1379 1389 1390 1391 1393 1395

Cluster 3:
67 99 108 131 137 143 149 157 164 166 198 224 236 251 286 290 297 317 390 391 392 400 417 422 450 467 472 476 499 502 512 532 596 607 627 637 639 642 647 648 650 669 705 724 726 729 731 733 735 739 740 741 742 743 744 751 760 761 763 764 765 769 771 774 817 818 819 820 822 823 825 826 827 828 829 830 831 838 839 840 841 842 843 844 845 846 847 848 850 851 852 853 854 855 863 864 871 874 882 884 885 886 887 888 889 890 891 894 897 898 906 914 926 928 929 930 931 932 934 935 936 937 938 951 952 953 954 955 956 957 958 986 1013 1015 1017 1020 1021 1022 1023 1024 1025 1026 1029 1030 1031 1033 1034 1035 1036 1037 1038 1039 1041 1042 1043 1044 1045 1046 1047 1048 1050 1051 1052 1053 1054 1055 1058 1059 1060 1067 1068 1069 1070 1071 1077 1084 1116 1117 1118 1119 1120 1121 1122 1123 1125 1126 1127 1129 1130 1131 1132 1133 1134 1135 1136 1137 1138 1145 1146 1171 1172 1173 1174 1175 1176 1177 1178 1194 1206 1242 1272 1293 1357 1358 1359 1360 1363 1369 1387 1392 1396 1397 1399 1400

Cluster 4:
2 3 4 7 9 15 16 17 21 22 23 24 34 50 54 55 59 61 62 65 71 72 73 74 86 87 88 89 94 98 104 105 107 109 111 115 116 117 118 121 125 126 128 133 134 135 140 145 148 150 152 153 155 165 167 170 180 191 207 209 228 241 242 254 255 256 257 258 260 261 264 267 268 269 271 278 292 298 299 300 301 305 306 307 308 309 313 320 321 322 323 324 325 326 328 329 333 335 336 337 339 340 341 342 343 345 346 347 348 351 352 355 358 361 362 363 364 365 366 374 375 376 377 380 381 382 383 386 388 389 393 394 397 398 404 406 412 413 418 419 424 425 442 444 452 453 454 455 457 458 459 460 461 474 475 477 478 479 481 484 489 493 507 510 527 529 538 547 560 562 563 565 568 570 610 611 629 644 652 655 659 660 661 663 664 667 672 697 728 730 732 734 736 737 750 754 766 775 779 784 785 788 789 861 899 910 912 915 933 940 941 943 944 945 960 961 962 965 966 974 977 985 987 988 989 990 1057 1063 1072 1076 1078 1081 1083 1085 1100 1109 1128 1139 1141 1142 1148 1149 1154 1180 1181 1182 1185 1190 1192 1193 1199 1200 1209 1215 1220 1221 1222 1223 1225 1226 1227 1233 1235 1237 1240 1241 1244 1251 1254 1257 1260 1261 1263 1265 1268 1273 1275 1278 1281 1282 1301 1302 1321 1322 1323 1324 1355 1364 1365 1366 1368 1370 1371 1372 1375 1382 1383 1384 1385 1386 1394 1398

Cluster 5:
5 6 12 14 29 30 31 33 45 46 47 49 51 66 81 82 90 91 92 95 100 102 119 120 127 130 142 144 158 159 163 168 181 185 195 201 219 221 240 274 275 281 295 303 344 350 353 367 368 378 385 387 395 396 399 405 407 427 436 445 451 462 463 468 470 480 482 485 487 497 500 509 515 518 524 530 539 542 549 550 551 552 554 564 566 579 580 581 582 583 584 585 586 587 598 606 619 620 622 623 633 640 641 645 646 649 700 706 707 715 719 720 723 725 738 745 746 756 762 767 777 778 814 821 824 832 833 834 835 836 837 858 862 865 868 869 870 872 873 875 892 896 908 909 959 963 967 968 978 980 981 982 983 1008 1012 1014 1016 1018 1019 1028 1032 1056 1061 1073 1079 1086 1087 1088 1097 1099 1108 1147 1161 1202 1207 1217 1219 1270 1283 1294 1295 1298 1317 1329 1330 1346 1348 1361 1362 1374 1376 1388
