
Cluster 1:
25 58 64 65 69 71 110 132 160 169 170 171 178 190 193 234 256 263 265 276 291 311 317 319 329 334 335 345 358 369 373 401 402 403 410 411 415 439 456 482 483 490 501 504 517 523 533 552 568 569 575 609 626 630 656 665 667 757 798 800 805 806 807 810 903 975 998 1007 1077 1114 1140 1143 1151 1156 1157 1158 1179 1187 1203 1208 1228 1248 1252 1257 1274 1276 1286 1298 1299 1310 1312 1313 1314 1315 1316 1317 1319 1356 1364 1389 1390 1391

Cluster 2:
2 3 4 16 17 22 23 24 34 50 54 55 59 61 62 72 73 94 98 104 105 107 111 128 133 134 135 145 148 150 155 180 192 207 241 255 257 260 261 267 269 271 292 299 300 304 305 306 307 308 309 310 316 321 322 323 324 325 326 327 328 333 336 342 348 349 352 355 364 365 366 375 376 377 381 382 383 388 389 393 394 397 406 457 458 459 460 461 474 475 477 478 479 489 525 526 527 528 537 538 540 547 562 563 565 570 572 573 610 611 629 661 663 664 671 734 754 784 788 789 899 912 940 943 977 1072 1076 1109 1149 1154 1180 1182 1198 1200 1215 1220 1222 1225 1235 1236 1240 1241 1244 1250 1251 1254 1260 1261 1268 1281 1282 1301 1302 1311 1322 1365 1366 1368 1370 1372 1375 1382 1383 1384 1385 1386

Cluster 3:
14 15 52 202 285 362 380 390 391 441 442 444 593 627 634 643 658 685 686 719 747 749 753 766 781 856 857 858 859 864 874 876 878 879 880 894 914 948 1008 1111 1290 1337 1338 1339 1341

Cluster 4:
1 13 42 60 70 78 146 147 189 199 200 203 204 205 206 210 222 225 226 227 229 230 235 246 247 250 251 252 279 284 287 288 289 312 360 416 420 431 432 433 434 443 453 464 465 484 513 516 520 545 561 599 600 601 612 624 631 632 633 637 638 652 672 673 674 675 676 677 678 679 680 681 682 683 698 699 700 701 702 703 704 705 709 711 712 713 748 752 755 758 779 780 782 783 790 791 792 793 794 796 797 799 801 803 809 811 815 816 860 877 895 900 901 902 916 917 918 919 920 921 923 924 927 1062 1064 1074 1075 1089 1090 1091 1092 1094 1095 1112 1115 1124 1144 1162 1163 1164 1167 1168 1169 1170 1186 1188 1197 1218 1229 1239 1243 1246 1256 1266 1271 1272 1277 1280 1289 1291 1320 1328 1332 1333 1334 1340 1342 1343 1344 1347 1362 1380

Cluster 5:
103 121 126 129 131 172 173 174 176 177 218 219 243 245 282 350 409 519 636 650 692 693 694 695 696 697 721 722 725 772 909 911 946 961 969 970 971 972 973 991 992 993 994 997 1061 1093 1195 1216 1232 1265 1292 1349 1350 1351 1352

Cluster 6:
31 392 400 412 419 422 642 647 733 735 736 737 739 740 741 742 743 744 760 761 762 763 764 765 767 769 817 819 820 821 822 823 824 825 826 827 828 829 830 831 833 836 837 838 839 841 842 843 844 845 846 847 848 850 851 852 853 854 855 862 863 870 871 885 886 887 888 889 890 891 897 898 915 926 928 929 930 931 932 934 935 936 937 938 950 951 952 953 954 955 956 957 1012 1013 1014 1015 1016 1017 1018 1019 1020 1021 1022 1023 1024 1025 1026 1027 1028 1029 1030 1031 1032 1034 1035 1036 1037 1038 1039 1042 1043 1044 1045 1046 1048 1049 1050 1051 1052 1053 1054 1055 1056 1058 1059 1060 1067 1068 1069 1070 1071 1116 1117 1118 1119 1120 1121 1122 1123 1125 1126 1127 1128 1129 1130 1131 1132 1133 1134 1135 1137 1145 1146 1171 1172 1173 1174 1175 1176 1177 1178 1293 1294 1357 1358 1359 1360 1363 1387 1392 1396 1397 1398 1399 1400

Cluster 7:
7 8 9 21 37 40 41 43 45 49 53 74 76 79 80 81 84 89 96 101 120 123 125 140 142 165 182 187 240 254 272 283 293 294 295 303 314 315 337 338 339 340 343 344 346 347 353 354 378 387 398 413 418 435 436 437 438 480 481 493 505 522 524 529 536 539 546 550 554 555 558 559 560 564 566 571 584 585 623 628 645 646 651 655 662 666 668 670 689 690 710 773 861 872 873 933 959 962 974 980 983 996 1004 1040 1100 1104 1106 1107 1155 1159 1161 1185 1191 1192 1199 1204 1205 1211 1212 1213 1226 1237 1258 1263 1264 1278 1284 1300 1307 1324 1355 1367 1381 1393 1394 1395

Cluster 8:
5 6 10 11 12 18 19 20 26 27 28 29 30 32 33 35 36 38 39 44 46 47 48 51 56 57 63 66 67 68 75 77 82 83 85 86 87 88 90 91 92 93 95 97 99 100 102 106 108 109 112 113 114 115 116 117 118 119 122 124 127 130 136 137 138 139 141 143 144 149 151 152 153 154 156 157 158 159 161 162 163 164 166 167 168 175 179 181 183 184 185 186 188 191 194 195 196 197 198 201 208 209 211 212 213 214 215 216 217 220 221 223 224 228 231 232 233 236 237 238 239 242 244 248 249 253 258 259 262 264 266 268 270 273 274 275 277 278 280 281 286 290 296 297 298 301 302 313 318 320 330 331 332 341 351 356 357 359 361 363 367 368 370 371 372 374 379 384 385 386 395 396 399 404 405 407 408 414 417 421 423 424 425 426 427 428 429 430 440 445 446 447 448 449 450 451 452 454 455 462 463 466 467 468 469 470 471 472 473 476 485 486 487 488 491 492 494 495 496 497 498 499 500 502 503 506 507 508 509 510 511 512 514 515 518 521 530 531 532 534 535 541 542 543 544 548 549 551 553 556 557 567 574 576 577 578 579 580 581 582 583 586 587 588 589 590 591 592 594 595 596 597 598 602 603 604 605 606 607 608 613 614 615 616 617 618 619 620 621 622 625 635 639 640 641 644 648 649 653 654 657 659 660 669 684 687 688 691 706 707 708 714 715 716 717 718 720 723 724 726 727 728 729 730 731 732 738 745 746 750 751 756 759 768 770 771 774 775 776 777 778 785 786 787 795 802 804 808 812 813 814 818 832 834 835 840 849 865 866 867 868 869 875 881 882 883 884 892 893 896 904 905 906 907 908 910 913 922 925 939 941 942 944 945 947 949 958 960 963 964 965 966 967 968 976 978 979 981 982 984 985 986 987 988 989 990 995 999 1000 1001 1002 1003 1005 1006 1009 1010 1011 1033 1041 1047 1057 1063 1065 1066 1073 1078 1079 1080 1081 1082 1083 1084 1085 1086 1087 1088 1096 1097 1098 1099 1101 1102 1103 1105 1108 1110 1113 1136 1138 1139 1141 1142 1147 1148 1150 1152 1153 1160 1165 1166 1181 1183 1184 1189 1190 1193 1194 1196 1201 1202 1206 1207 1209 1210 1214 1217 1219 1221 1223 1224 1227 1230 1231 1233 1234 1238 1242 1245 1247 1249 1253 1255 1259 1262 1267 1269 1270 1273 1275 1279 1283 1285 1287 1288 1295 1296 1297 1303 1304 1305 1306 1308 1309 1318 1321 1323 1325 1326 1327 1329 1330 1331 1335 1336 1345 1346 1348 1353 1354 1361 1369 1371 1373 1374 1376 1377 1378 1379 1388
